spikes-1-0.1.gdf:                          1.030060
spikes-1-0.2.gdf:                          1.029370
spikes-1-0.4.gdf:                          1.013610
spikes-16-0.1.gdf:                        20.615500
spikes-16-0.2.gdf:                        21.342000
spikes-16-0.4.gdf:                        25.395500
spikes-2-0.1.gdf:                          1.821240
spikes-2-0.2.gdf:                          1.792270
spikes-2-0.4.gdf:                          1.868540
spikes-30-0.1.gdf:                        35.622500
spikes-30-0.2.gdf:                        34.364900
spikes-30-0.4.gdf:                        38.622900
spikes-4-0.1.gdf:                          4.197410
spikes-4-0.2.gdf:                          3.901820
spikes-4-0.4.gdf:                          3.722200
spikes-8-0.1.gdf:                         12.096600
spikes-8-0.2.gdf:                         11.908100
spikes-8-0.4.gdf:                          8.361350
